step kl
0 1.4645874411076e-11
1 8.3195404378354e-10
2 1.2825751753491e-10
3 3.0411084234672e-11
4 1.7206286386307e-10
6 9.9646043721926e-10
7 2.365993950866e-10
8 5.6344515000593e-11
9 3.5889594909183e-10
10 5.2101721531355e-11
11 3.1361162004011e-12
12 5.2433561235001e-11
13 2.3125794314132e-10
14 6.7026525942161e-11
15 1.032788293429e-10
16 5.7042424589523e-12
17 3.0889403585632e-10
18 3.3074515037007e-10
19 7.2162067380296e-11
20 4.0392089034899e-10
21 8.8787385261259e-11
22 4.9034438686415e-11
23 9.4661449685713e-11
25 3.4168501905295e-11
26 1.303777293831e-10
28 5.6440424653627e-11
29 9.7514154681027e-11
30 9.4518623751722e-10
31 6.9112353399146e-11
32 1.7849781910153e-10
33 6.506747237125e-11
34 2.2039483649517e-10
35 7.8030570490582e-10
36 4.2812945974861e-11
37 1.229023784825e-10
39 2.9898125367181e-11
40 6.8290521389182e-11
41 7.3824237071971e-11
43 5.2626965378062e-12
44 1.2347007050421e-10
45 7.534170609333e-10
46 1.6849795102997e-10
47 1.0202087940781e-10
48 7.3935045886133e-11
49 3.441893667169e-10
50 7.1519904960413e-11
51 3.7759624849585e-11
52 7.3545010627117e-11
53 2.1727196867702e-10
54 5.4172400981295e-11
55 4.6341900848516e-11
56 8.63678460164e-11
57 4.1718097458256e-10
58 1.3348546964099e-10
59 5.0227088254214e-10
60 2.2454705182177e-10
61 4.1185052071276e-11
62 2.8470737721076e-11
63 6.0400609128833e-10
64 6.3249187416704e-11
65 1.4612122101084e-10
66 1.4895709499843e-10
67 9.4220584434347e-11
68 6.7657744561725e-11
69 2.5542631943614e-10
70 9.7795810605371e-11
71 2.0441417461536e-10
72 2.5754054384551e-10
73 5.8612794856867e-12
74 2.3824912142522e-10
75 1.0794902822393e-10
76 3.9971552678281e-10
78 4.3074346023367e-11
79 2.5493743659832e-10
80 3.5320744013591e-11
81 5.7616823789184e-11
82 8.507968370633e-13
83 1.7352026116786e-10
84 1.8271110967175e-10
85 4.2060468610071e-10
86 7.6298992821937e-11
87 7.5486523518375e-10
88 7.4767420451376e-11
89 6.7346502892325e-10
91 3.8712023828861e-10
92 8.2140649053261e-10
93 2.6405587159356e-10
94 1.0531873791367e-10
95 6.8220941275778e-11
96 2.2559206581877e-10
97 9.4700799319257e-11
98 2.0375125202759e-10
99 4.8064672834391e-12
100 1.3794421132051e-10
101 4.9084251108128e-10
102 6.957245508173e-10
103 2.2115448077279e-12
104 7.0460583615608e-10
105 6.6638570383967e-11
106 1.6470019037496e-10
107 1.3066470980649e-10
108 1.9888379264527e-10
109 3.7802269682515e-11
110 6.8860760415445e-11
111 2.2494794010808e-11
112 1.0530187941697e-10
113 1.6962271586279e-10
114 3.5061757180981e-10
115 4.3036191639637e-10
116 1.4125276322292e-11
117 3.1925317062227e-12
118 2.4142210283805e-10
119 3.3556058060106e-11
120 5.6632497984143e-11
121 1.6926925833512e-11
122 2.2297458041153e-10
123 4.4139061289903e-10
124 1.1060732893684e-11
125 2.0020042922426e-11
126 1.0435975371696e-10
127 7.8030092190383e-11
128 4.2734420671969e-11
129 9.7384182756092e-10
130 9.3419787311792e-11
131 6.9199859348224e-11
132 4.0679521106259e-11
133 3.9916353922101e-11
134 2.9581786256648e-10
135 1.3443325098754e-09
136 1.2492259409316e-09
138 1.9311234988941e-10
139 1.6856777917445e-11
140 3.3388856762497e-10
141 1.6969694463323e-10
142 5.5996355265877e-11
143 1.4853720225871e-10
144 1.2564522672713e-10
145 3.9639882442379e-10
146 1.4947295849525e-10
147 2.5667986735774e-10
148 1.5417964738019e-10
149 2.9100598957925e-11
150 4.3925466201459e-10
151 4.2561511921038e-11
152 1.0146632611676e-10
154 4.5966458556549e-10
155 2.1917877629678e-10
156 2.307764483283e-10
157 5.6047380733767e-11
158 7.2826151494818e-11
159 1.2240530840096e-10
160 1.5148028969884e-10
161 7.5224516424374e-11
162 3.4811807842972e-10
163 3.6142773185269e-10
164 7.25149694882e-10
165 2.7712526062037e-10
166 5.0944845408381e-12
167 1.5099141603737e-10
168 1.8083817090225e-11
169 6.918524078732e-10
170 1.8986609716091e-11
171 3.3777888374234e-10
172 2.6845152751055e-12
174 4.1428484586723e-11
176 3.6133560299546e-11
177 3.6251394395488e-10
178 2.7149399845445e-10
179 1.7449678193855e-11
180 8.3439407923372e-14
181 7.0683118658678e-10
182 4.5145102560146e-11
183 1.4191215784887e-10
184 1.3974514060987e-11
185 5.6872971812348e-10
186 8.9839725482224e-11
188 1.3269911906015e-10
189 1.3477259564989e-10
190 2.00197196372e-10
191 8.1538778699126e-11
192 1.5919992908704e-10
193 3.0092642304739e-11
194 3.7300917183272e-11
195 9.5018094496525e-11
196 6.4430364283951e-10
197 2.9169133093498e-10
198 8.2675901490901e-11
199 3.6938816418541e-11
200 6.2719450102639e-13
201 1.0587590789124e-10
202 5.1195869296787e-11
203 7.5800964845832e-11
204 2.2280445453447e-11
206 8.7300576700332e-11
207 4.3066958269613e-11
208 5.574254006542e-11
210 5.1270896598064e-11
211 1.6082247025594e-11
212 2.4836636978994e-10
213 4.7911402541605e-10
214 1.2064069677597e-10
215 3.2439856746455e-11
216 5.9509587598078e-11
217 8.3379171023271e-10
218 1.8957968350625e-11
219 3.7842687333179e-11
220 1.1069167898158e-10
221 2.0648006274495e-11
222 5.5696546508597e-11
223 7.2296452617548e-11
224 1.1062723754529e-11
225 1.8284864853378e-10
226 1.1218167820125e-10
227 1.4782845532344e-10
228 7.5261927071169e-13
229 6.2967606280067e-11
230 3.6408205551978e-10
231 2.1914557113343e-10
232 4.8343432709876e-10
234 2.434624560346e-10
235 5.2432041204809e-10
236 6.3681805912621e-11
237 2.6901647525589e-11
238 7.6911931067114e-11
239 4.074627316096e-11
240 1.2780083887035e-11
241 6.0405911396968e-10
242 3.2102255897336e-10
243 2.5043504378639e-11
244 2.0577416337363e-10
245 1.9562526108666e-10
246 1.6219404725677e-10
247 1.9133807850554e-10
248 2.9602774544463e-10
249 3.7386402978046e-10
251 1.0649664588919e-10
252 1.9899944006504e-10
253 6.7687200740637e-11
254 3.901327397679e-11
255 7.9741609977541e-11
256 1.6360432578824e-13
257 1.762651512224e-10
258 5.459853660252e-10
259 1.4393377436895e-10
260 1.0029159425614e-09
261 1.2685345509461e-09
262 4.2517705394656e-11
263 3.7618842489695e-10
266 2.4137807537295e-10
267 1.6492794305373e-10
268 1.3254529996856e-11
269 4.9529405794062e-11
270 1.8633253156172e-10
271 6.2226782227559e-11
272 2.6314214342468e-10
273 1.1500328069923e-10
274 5.0280405931119e-10
276 3.5260571042719e-10
277 2.5247311751548e-11
278 9.8802322446443e-11
279 1.3176362186359e-10
280 1.5263539460946e-10
281 3.4099660077447e-10
282 1.2547000688631e-10
283 9.1152145115079e-11
284 4.0847946251675e-11
285 1.5094466403381e-11
286 6.3305086520681e-11
287 2.5346220520045e-10
288 6.3885369000354e-11
289 1.8305404800458e-09
290 4.4270263271664e-11
291 7.1386870975294e-11
292 1.4170560900794e-09
293 7.9171749165246e-10
294 1.6755058982255e-10
295 3.7430748907089e-10
296 1.7636631099194e-10
297 1.0846327585807e-10
298 1.7588562813544e-10
299 2.7151548259774e-10
300 1.5931606543863e-10
301 3.1749786600948e-10
303 2.096399847902e-10
304 3.5158229900671e-11
305 1.0114651389212e-10
307 1.569251098304e-10
308 2.4646570245076e-10
309 9.5422416779332e-11
310 2.4863532078904e-10
311 6.1689859305177e-10
312 5.9883788715487e-12
313 1.8409915710229e-11
314 5.867051832451e-10
315 6.3040573536979e-11
316 1.761617595034e-10
317 1.2531129010896e-10
318 2.2732944554238e-10
319 1.9297523015459e-10
320 6.0742097128169e-11
321 5.7153276800926e-11
322 3.7952559365547e-10
323 1.3638602568821e-10
324 1.5820101445598e-10
325 1.9336890889283e-10
326 6.9078843902985e-11
327 3.9404842749129e-11
328 1.0485660411262e-11
329 1.4093085966281e-10
330 7.3601271857702e-11
331 5.899762784096e-11
333 6.6488655102335e-11
334 6.2677776570082e-11
335 5.199848911384e-11
336 4.8572487611089e-11
337 8.6074088331259e-11
338 4.0504166367211e-12
339 1.1684945143814e-10
340 4.8929303165089e-11
341 2.6998733387729e-10
342 1.3785613575634e-10
343 6.1572700993616e-10
344 2.6063905989817e-11
345 7.4788724343954e-11
346 2.1805707920914e-10
347 9.1281563680641e-10
348 8.1636979594452e-11
349 4.8311289668269e-10
350 4.6118815859571e-11
351 8.1099697216876e-11
352 1.1804848551718e-10
353 6.3165842078207e-11
354 4.3492160271817e-11
355 1.8786792384035e-12
356 1.3626984446186e-10
357 3.1954797329527e-10
358 2.4201657123318e-10
359 2.8245737641632e-11
360 4.2989621250168e-10
361 4.4978375367648e-11
362 1.2265717580183e-10
363 2.4393398067544e-10
365 2.1020422455787e-10
366 2.2791456663155e-10
367 1.4980842015679e-11
368 2.7286871393578e-10
369 3.8568251782672e-10
370 3.1066024654925e-10
371 7.4870412580035e-11
372 4.7344530621429e-10
373 1.826782888859e-10
374 1.1023642289359e-10
375 7.8472347498285e-10
376 4.570268169985e-10
377 7.8197053578049e-12
378 4.9243756094685e-11
379 8.6220724063489e-13
380 3.1591681542484e-10
381 2.9250173582213e-10
382 1.3760790622871e-11
383 7.8198826258433e-11
384 5.3409880997276e-11
385 4.5283101992772e-11
386 2.7611439064123e-10
387 1.4257052637716e-10
388 4.655621721246e-10
389 3.8601482973939e-10
390 1.8821438457679e-10
391 9.5615675044948e-11
392 7.778823597158e-11
393 2.4140313547933e-10
394 9.1666691316624e-12
395 2.48927770443e-10
396 1.4766520045311e-09
397 3.5371374416131e-10
398 5.452138181219e-10
399 1.1797551868949e-11
400 5.5933224826789e-10
401 1.6115015475262e-10
402 6.1179837448421e-11
404 1.6768049131095e-10
405 1.1610414825599e-09
406 3.8874665243284e-11
407 1.4130509927477e-10
408 4.3590958819659e-11
409 4.0245738348925e-11
410 4.840733798335e-11
411 1.4815567089941e-10
412 1.783595037925e-10
413 1.2600070034753e-10
414 1.6540673475381e-10
415 2.420369935352e-10
416 4.6549670135411e-10
417 2.2801160450139e-10
418 8.652563433005e-11
419 3.1567609467307e-13
420 1.6873748596814e-10
421 3.0587835769223e-11
422 7.5553828858914e-11
423 1.5137033882773e-09
424 3.3246948052336e-11
425 1.2556719261255e-10
426 1.5726664763448e-10
428 3.5337627662846e-10
429 7.4582384476522e-11
430 1.325278360721e-10
431 1.1039089576975e-10
432 2.8683427531748e-10
433 5.3140820472618e-11
434 2.8991935040254e-10
435 1.0375411186726e-10
436 9.028864781286e-11
437 1.3920359001194e-10
438 1.7931067633691e-10
439 2.8600191856943e-10
440 2.7727471311503e-11
441 2.1340440776267e-12
442 1.2782969161647e-10
443 2.3394539266085e-10
444 1.2597965188638e-11
445 9.719049292734e-11
446 1.4166453166817e-10
447 3.1439831224359e-11
448 1.1529272471444e-10
449 3.1464042402019e-10
450 4.5330588276974e-10
451 5.7621571001345e-11
452 5.6240938295105e-11
453 4.5904671544285e-11
454 1.8400605727939e-11
456 6.7897797778422e-12
457 6.7540330416675e-11
458 1.9566394384305e-10
459 5.3802175771884e-10
460 6.9486938325877e-10
461 1.7736867335479e-11
462 2.9675384185514e-10
463 7.7388282465365e-11
464 2.0657650263199e-11
465 7.3830913051147e-11
466 1.1933291757031e-11
467 1.779634224583e-10
468 1.747276051908e-10
470 2.1952344533466e-11
471 1.9404688468149e-10
472 1.3192438835623e-10
473 1.4083890280979e-10
474 4.0365270753492e-11
475 2.5296898703419e-10
476 1.2783325655458e-10
477 2.5644284431592e-09
478 6.2194277687197e-10
479 1.5769439542638e-10
480 2.6490145558796e-10
481 1.3983541943357e-10
482 4.7637348727826e-10
483 1.0464338859122e-10
484 4.4806747924541e-10
485 1.2002200817742e-10
486 1.2772450033434e-10
487 8.3759116925459e-11
488 2.1202534018747e-10
489 1.7154488559787e-10
490 4.7708962133225e-10
491 2.4678461250769e-10
492 5.1628251332152e-10
493 7.248877343755e-11
494 1.1954693239096e-11
495 4.5464055970547e-11
496 3.6361966165616e-10
497 3.409631651293e-11
498 1.2698671986698e-10
499 2.1419974259271e-10
501 1.4899187241392e-10
502 9.0666826217558e-10
503 4.1266112373021e-11
504 1.9901684012939e-10
505 3.4768373843658e-10
506 1.5553515118624e-10
507 6.8923698147365e-11
508 2.5156227208963e-10
509 5.1122929867518e-11
510 1.4085818378283e-10
511 6.0179810376408e-11
512 5.5624213986353e-11
514 1.4262053648866e-10
515 2.8504506353721e-10
516 1.0797575824291e-10
517 5.7827543879899e-12
519 1.1426374807543e-10
520 1.1139507991385e-10
521 1.3358231416096e-09
523 5.2754508290562e-11
524 2.985537979991e-10
525 4.7920910776097e-11
526 1.213559556503e-11
527 8.7439684253566e-11
528 7.9623183536126e-11
529 4.2406991175912e-10
530 2.8947382751843e-11
531 1.3801044333221e-10
532 1.0461730071922e-10
533 5.0650981888433e-11
534 7.6151099239868e-11
535 7.8704093898126e-11
536 1.5487104083957e-11
537 5.9914579273879e-11
538 7.0418494379358e-10
539 1.6271543785457e-10
540 1.1001019370085e-09
541 1.1023272881534e-10
542 3.7197288108847e-11
543 5.2711662013637e-11
544 9.1757965698351e-12
545 1.796913376883e-10
546 1.2598355830555e-10
547 6.2306627782942e-10
548 4.0428621722177e-10
549 6.6932395192988e-11
550 1.347076247041e-10
551 5.7131202408558e-10
553 1.0608014765576e-10
554 3.8928871658028e-10
555 5.8305146564914e-10
556 1.503450971827e-10
557 1.074883326116e-10
558 7.9764256602904e-11
559 8.7913806370687e-11
560 1.9255116907974e-11
561 1.3963408369549e-10
562 3.1998072062015e-10
563 1.3231755170278e-10
564 5.2284206221758e-11
565 7.8239013737447e-11
566 2.9804746561049e-11
567 9.920614665367e-11
568 1.2275606529131e-11
569 1.7601390565917e-10
570 9.3627436568003e-11
571 2.4027641818888e-11
572 2.9086826057588e-10
575 6.6962257373493e-12
576 4.1846179902896e-12
577 8.4508756852543e-13
578 1.8778910390296e-11
579 3.6994816395504e-10
580 7.5519844576215e-11
581 3.4251883878031e-11
582 2.2496553212303e-10
583 1.7181581892356e-10
584 2.280124415813e-11
585 1.9268576831459e-10
586 7.6791008736098e-11
587 6.0238306705034e-11
588 9.6022265602718e-12
589 8.5664665814565e-11
590 4.9552703548172e-11
591 1.7212189831746e-11
592 7.9589137311355e-13
593 7.9697588289483e-11
594 8.3565153374385e-10
595 3.275101492545e-10
596 2.2320804059233e-09
597 9.5631551661788e-11
598 3.005672426257e-11
599 7.2856313989601e-11
600 4.868936537189e-12
601 1.289494661311e-10
602 3.3155063386728e-10
604 6.0269896106661e-10
606 7.3213370243691e-11
608 8.4643342101649e-11
609 2.0854408495684e-10
610 1.5967849462058e-11
611 5.6503046140069e-12
612 1.4219534471544e-10
613 8.0171453699433e-11
614 2.7795980318082e-10
615 2.2071158411997e-10
616 1.7081874986004e-10
617 4.0189204983169e-11
618 1.328984125038e-11
619 7.0147425204491e-11
620 3.1395026223896e-10
621 1.1068656457229e-11
622 3.6179913475065e-10
623 3.5940008452441e-10
624 9.1694880594574e-11
625 1.0384610260931e-10
626 1.1427080313314e-10
627 4.7406662027116e-11
628 8.4980445057854e-11
629 6.9279757005711e-11
630 4.6155400952787e-11
632 6.449162761924e-10
633 3.3311093216487e-10
634 1.4431658538087e-12
635 2.5458321428091e-11
636 2.927917967862e-10
637 4.0311844015891e-10
638 3.0958253851018e-10
639 1.9897829055864e-10
640 1.7425198181378e-10
641 2.7390973679249e-10
642 7.9258766248282e-11
643 1.7846872611123e-10
644 1.5526218767309e-11
645 1.0753840229568e-11
646 2.7670568399478e-10
647 4.9831115920364e-11
649 1.4165691473146e-10
650 8.3913974230178e-11
651 6.9622671744374e-10
652 1.6573576216808e-10
653 7.690347212e-11
654 2.7054916188732e-12
655 2.640675185294e-12
656 1.9495190079886e-10
657 5.0778293511975e-10
658 2.0794388180207e-10
659 4.7006236491626e-11
660 7.5215225281303e-11
661 5.4785884686671e-11
662 4.1007910178394e-11
663 7.9590044737295e-11
664 3.6390847080692e-10
665 2.0706955863502e-10
666 1.9612597908263e-10
667 7.1130993579479e-11
668 6.7492253948953e-11
669 3.4804544972809e-10
670 3.4542003883512e-10
671 7.6464665763708e-11
672 1.73300027977e-10
673 1.2319422497678e-10
674 1.9146277351229e-10
675 1.5779433676652e-10
676 1.2896401345997e-10
677 8.8004418129642e-11
678 1.5543838493324e-10
679 1.9694180697975e-10
680 2.1828422055817e-10
681 2.708103759812e-10
682 1.3670318569437e-10
683 1.0797743023124e-10
684 9.7901512811564e-11
685 2.0214732648819e-10
686 2.6358365908891e-10
687 1.4659420990496e-10
688 4.1233089579334e-10
689 6.4224050452211e-11
690 2.1766035143625e-10
691 7.0743064307042e-11
692 6.4744630339538e-12
693 6.1300665409885e-11
694 5.4035075843173e-11
695 1.2807805372232e-10
696 2.0773861303295e-10
697 9.0826699483096e-10
698 1.7072187377007e-10
699 7.8839619819252e-11
700 2.80359843728e-10
701 1.121795771769e-10
703 4.2036280758941e-11
704 1.4034367917216e-10
706 1.3021961534429e-10
707 1.7416874326709e-10
708 1.9597572163047e-10
709 2.7520329163991e-10
710 2.2984141841255e-11
711 1.577149579787e-10
712 7.182393018429e-11
713 1.0244726307179e-10
714 1.8701227999217e-10
715 4.2435387356852e-10
716 1.4677087792734e-10
717 4.1922552856564e-10
718 2.691740989491e-11
719 1.6792972899879e-10
720 9.7266289827486e-11
721 6.5575196775448e-11
722 2.1834609870995e-10
723 2.2391943809872e-11
724 2.4780968259913e-10
725 1.0219767687503e-10
726 1.591303746419e-10
727 2.8681730408168e-11
728 3.1117355744147e-11
729 1.1813919171314e-10
730 5.2108863321358e-11
731 1.5647882054024e-10
732 2.4592360298561e-12
733 7.5391272024411e-11
734 5.9562134084689e-12
735 5.1422221863582e-11
736 3.878518808093e-11
737 3.948279785608e-10
739 1.5284315585488e-10
740 5.0025195292367e-10
741 2.5090401087804e-10
743 4.0900259655029e-11
744 4.1665806577592e-10
745 1.0741992262538e-10
746 1.6338643390351e-12
748 2.2319443087321e-10
749 1.7250803873024e-10
750 6.0550347248433e-11
751 9.7343830257246e-11
752 2.4249018510997e-10
753 5.5118009519052e-11
754 4.5286044870348e-12
755 9.7380628224558e-11
757 3.4505209631486e-11
758 2.0707666165402e-10
759 6.0083207829451e-11
760 9.4586822494852e-10
761 1.7227294916951e-11
762 1.4782663365387e-10
763 1.7544658145685e-10
764 7.0422182384245e-12
765 1.2248855922615e-10
766 9.4591913825301e-11
768 5.2937472933284e-11
769 1.2096038998252e-10
770 6.3957990068796e-11
771 1.2903562566421e-10
772 2.2695966141568e-11
773 3.8377109517092e-11
774 2.8655093578734e-11
776 1.0589219572332e-10
777 3.6899413131145e-11
779 3.4506032995338e-11
780 9.8837860901707e-11
781 3.3342030176935e-10
782 1.5947813242982e-10
783 6.1208387145254e-11
784 2.056417255432e-10
785 4.3984051230821e-11
786 4.8389281284672e-10
787 2.7525493220098e-10
788 9.6375747026168e-11
790 1.8060334476232e-10
791 2.8251977407113e-10
792 1.5961974154407e-10
793 7.9111770387237e-11
794 7.740400276972e-11
795 2.7570856212455e-10
796 5.9073738711401e-11
797 6.686451241639e-11
798 6.1782300550158e-11
799 3.1863880686169e-11
800 5.1585989461964e-11
801 1.1035088761465e-10
802 6.4527816521749e-11
803 2.4640511886976e-11
804 6.1160000673174e-11
805 2.2876507564391e-10
806 4.935662632896e-10
807 3.1254622370601e-11
808 1.6513510702064e-10
809 3.3342552287866e-10
810 5.4670257349691e-10
811 2.9043449350799e-11
812 3.6176207235409e-10
813 4.0089852759373e-10
814 5.7769987185393e-11
815 4.1339180615033e-10
816 3.2369121493542e-11
817 5.9366259461024e-10
818 4.6093650344919e-11
819 4.6982688757465e-11
820 1.7350782629547e-10
821 7.190720795451e-11
822 2.9226796975696e-10
823 2.5697714896279e-09
824 4.8680759383274e-10
825 2.6172042429283e-11
826 9.6124662423061e-11
827 2.4935649488709e-10
829 1.6558555185617e-10
830 8.3520453924101e-11
831 1.2781544207486e-09
832 9.012150663031e-11
833 7.1874133312378e-11
834 9.0502613237498e-11
835 2.5923425695905e-10
836 1.278760326545e-10
837 1.3127161043575e-10
838 4.8185650866413e-11
839 7.3299591318193e-11
840 6.3376890316204e-11
841 1.5027918690938e-10
842 7.9770944546561e-11
843 8.6299527827248e-10
844 2.9051134575419e-11
845 1.8067154944373e-10
846 8.3778678971083e-11
847 1.2382437707441e-10
848 1.5569647938944e-10
849 9.0844101850964e-11
850 1.2001142929967e-11
851 1.9806714871641e-10
852 6.0443059936006e-10
853 2.8851510598373e-10
854 9.8445312713915e-10
855 1.7525180927777e-11
856 1.1862223244147e-09
857 2.8977758568041e-10
858 2.4373623656981e-10
859 1.5155458527018e-10
860 9.630915273973e-11
861 3.2542324681802e-11
862 1.0413027642993e-10
863 3.9646289363703e-11
864 5.4029840023518e-11
865 2.4229547405127e-11
866 2.4206272884615e-10
867 3.2019832436904e-11
868 9.9992052455858e-11
869 2.0927885291624e-10
870 3.8352754155272e-11
871 7.5907031764285e-11
873 5.3860885434015e-11
874 9.0997850761334e-11
875 5.1225354395244e-10
876 1.1847525884058e-10
877 4.5241833758597e-10
878 4.5837265965272e-10
879 2.2343049611879e-10
880 6.183620213591e-11
881 7.9341988504012e-11
882 4.5079226310063e-12
883 1.2255093142714e-10
884 6.4106084255378e-11
885 1.8389533379341e-10
886 1.6327895460297e-10
887 7.2994045007668e-11
888 9.0840656289258e-11
889 3.5796591555236e-10
890 1.6394149226227e-10
891 2.4505453040462e-11
893 1.0059848844935e-11
894 2.4231439045076e-10
895 1.436103635466e-10
896 2.4151807583822e-10
897 1.2236421565609e-10
898 8.6353280730007e-11
899 3.8777308041034e-11
900 7.5491896911865e-11
901 5.5613135344003e-11
902 1.3590841233986e-10
903 1.0046936341619e-10
904 2.0094829905845e-10
905 3.8513509852557e-11
906 6.9851932156052e-11
907 5.3064840025705e-11
908 2.2247446475701e-10
909 2.0130109678158e-10
910 3.6470164535434e-11
911 1.5654829145779e-11
912 4.387548849228e-11
914 6.9068133620324e-11
915 5.5669086500139e-11
916 5.0034500292907e-11
917 6.0798928780291e-10
918 4.1863041026261e-11
919 6.5162801965406e-11
920 7.8468239952021e-11
921 3.3954041661518e-11
922 5.5621935003865e-13
923 9.7927054567202e-11
924 2.2436907078235e-10
925 2.8697332505337e-10
926 3.8496791035365e-10
927 7.0027867880963e-11
928 1.6918820735373e-10
929 2.5378394376229e-10
931 4.3315333134417e-10
932 1.7308989817652e-10
933 2.3678942274083e-10
934 1.2916177309108e-10
935 1.1679258965181e-13
936 2.4355292799529e-10
937 8.2654338553849e-11
938 6.6230667953568e-11
939 1.7622455910533e-10
940 2.1224647264901e-10
941 4.5428766593707e-11
942 2.5678676737089e-10
943 1.1212484124465e-10
944 2.3463493359438e-10
945 4.551335604224e-11
946 1.4861726106336e-10
947 9.4950744905643e-11
948 7.3611631408195e-11
949 8.1522813390848e-10
950 9.7924808922273e-11
951 9.131702011027e-11
952 5.2532114077115e-11
954 1.2854549504041e-11
955 1.34569449717e-10
957 1.9883858998248e-10
958 1.4347326654852e-10
959 2.3526107476826e-10
960 3.6295061255018e-11
961 3.6591931016338e-10
962 2.9007675703755e-10
963 2.3068329269308e-10
964 2.0289609713626e-11
965 5.5069496821879e-11
966 1.1939980381924e-10
967 1.2914600622028e-10
969 2.6897227002159e-10
970 1.2236515449836e-10
971 1.4577606334705e-10
972 1.5068404225635e-09
973 3.6929056961153e-10
974 1.5593486793352e-10
976 1.9183473098178e-10
977 4.1160572311348e-11
978 3.0547429202046e-13
979 3.4346555487089e-10
980 6.1500018716845e-12
981 7.805503685406e-11
982 6.4279667913611e-10
983 1.3454851419849e-11
984 3.5476180369365e-10
985 1.2675937954913e-10
986 8.9583248547895e-11
987 7.6217634731418e-11
988 5.9764189751685e-12
989 6.2239289274887e-11
991 2.5944688544319e-10
992 4.3333373808074e-11
993 3.7673709407682e-10
994 2.2783923284045e-13
995 4.3951356529271e-11
996 7.3183884468597e-11
997 3.8081054130454e-13
998 2.1714296113606e-13
999 4.9641299771892e-11
1000 1.2480575612695e-11
1001 1.8891499327197e-11
1002 9.4074294545605e-11
1003 1.250809560623e-10
1004 2.0302765548089e-10
1005 3.9635301013823e-11
1006 1.1511741987127e-10
1007 1.103110092066e-10
1008 3.0898341165096e-11
1009 1.8322512507263e-10
1010 1.2008055924798e-10
1011 2.950333554376e-10
1012 1.9344724430357e-10
1013 2.1628321506079e-11
1014 6.6586924499675e-11
1015 3.2238698160085e-10
1016 3.211410988013e-10
1017 6.2644583115246e-11
1018 1.9264476355026e-10
1019 9.4398554089579e-11
1020 3.2876227909215e-11
1021 1.2949181114903e-10
1022 1.0357210840352e-10
1023 7.8531091798565e-11