percent osc
0 0.812581894639
0.465029761905 0.281306808262
0.93005952381 0.219353712743
1.39508928571 0.183359922206
1.86011904762 0.15840140366
2.32514880952 0.139752211891
2.79017857143 0.124925451114
3.25520833333 0.11280720728
3.72023809524 0.102403135369
4.18526785714 0.0934594881914
4.65029761905 0.0856618781317
5.11532738095 0.0787422286325
5.58035714286 0.0726022788644
6.04538690476 0.067148397835
6.51041666667 0.062264694339
6.97544642857 0.0578828848393
7.44047619048 0.05389920782
7.90550595238 0.0502597886206
8.37053571429 0.0469453410431
8.83556547619 0.0439032478454
9.3005952381 0.0410981390612
9.765625 0.038527967212
9.99968998016 0.0373118716754
10.0027901786 0.0372960373714
10.2306547619 0.0361547784346
10.6956845238 0.0339711204185
11.1607142857 0.031945032479
11.6257440476 0.0300505561016
12.0907738095 0.0282943202472
12.5558035714 0.0266630300396
13.0208333333 0.0251470785794
13.4858630952 0.0237301442748
13.9508928571 0.0224067088455
14.415922619 0.0211631037027
14.880952381 0.0199924410975
15.3459821429 0.0188960632656
15.8110119048 0.0178683537307
16.2760416667 0.0169033583146
16.7410714286 0.0159933850839
17.2061011905 0.0151351636595
17.6711309524 0.0143257524544
18.1361607143 0.0135670753374
18.6011904762 0.0128502090483
19.0662202381 0.0121729727657
19.53125 0.0115316821726
19.9962797619 0.0109258107233
20.4613095238 0.0103532056671
20.9263392857 0.00981690844754
21.3913690476 0.00930946120145
21.8563988095 0.00883306919033
22.3214285714 0.00838282909018
22.7864583333 0.00795603274365
23.2514880952 0.00755081102522
23.7165178571 0.00716594158145
24.181547619 0.00680056694455
24.646577381 0.00645356301596
25.1116071429 0.00612416538609
25.5766369048 0.0058106643874
26.0416666667 0.00551241067702
26.5066964286 0.0052294823877
26.9717261905 0.00496130485956
27.4367559524 0.00470733014921
27.9017857143 0.00446760678242
28.3668154762 0.00423957367082
28.8318452381 0.00402275855947