step kl
0 4.3648700948761e-10
1 7.5417059311961e-10
2 7.0190129657659e-11
3 6.4530702019073e-10
4 6.6599836779363e-12
5 1.6763790258214e-09
6 7.7854270013007e-10
7 8.9988653662365e-10
8 6.2726107880642e-11
9 1.0862600040224e-09
10 2.240888269374e-12
11 1.2365314776964e-10
12 1.0640830168905e-09
13 7.1533598679331e-10
14 2.6423872514142e-10
15 5.4342981740524e-10
16 5.1512174242189e-10
17 4.0380003141094e-10
18 1.0698708483389e-09
19 2.1308223472929e-10
20 5.6679892958519e-10
21 1.2230177617499e-09
22 6.548780470751e-10
23 1.3427284681267e-10
24 2.8564184714659e-10
25 4.0007355857737e-10
26 7.6327724050754e-10
27 1.553515999267e-10
28 5.7184855247574e-10
29 1.9029476194045e-10
30 2.7864105227197e-10
31 2.912816291355e-12
32 3.3436221051405e-10
33 2.3702077792167e-10
35 5.6683784351355e-10
36 1.9315834318461e-10
37 1.0178210418173e-09
38 9.2187840355506e-11
39 6.4137375623384e-11
40 1.7430263420923e-11
41 1.7422658616225e-10
42 9.5632989180958e-10
43 3.8707187290687e-10
44 1.0566763096001e-10
45 4.1231451533992e-10
46 3.0370792597082e-10
47 6.168626299618e-10
48 4.1235435511378e-11
49 1.5064617898088e-10
50 2.884671346166e-10
51 2.3394414670241e-10
52 5.9346718006909e-10
53 3.2205511484779e-10
54 1.2176041143172e-10
55 1.338158831668e-10
56 1.1581571796521e-10
57 1.11706893359e-10
58 2.0629484678789e-11
59 1.1985783610662e-10
60 6.4040248323729e-10
61 5.169789073705e-11
62 2.5967345649767e-10
63 1.1999614248402e-11
64 3.8785608033082e-10
65 1.0192845513762e-10
66 2.0663856857642e-11
67 5.7298060715964e-10
68 5.7803070235808e-10
69 1.8039666077963e-12
70 3.6801086350061e-10
71 2.2866475825554e-10
72 1.417082336016e-10
73 8.2769079084165e-11
74 4.9741211286013e-11
75 3.8541037205826e-10
76 3.099238943391e-10
77 1.2290846994747e-10
78 9.2998418134396e-11
79 3.6506315848249e-10
80 5.4888280827634e-10
81 1.5778034064262e-09
82 3.4110988266934e-10
83 3.3805085468194e-10
84 1.049724230178e-09
85 9.6130353702538e-10
86 3.4427341316661e-10
87 4.1585896514046e-10
88 3.5346623314625e-10
89 2.1342664160667e-10
90 4.5709117822873e-11
91 4.1522285422057e-10
92 2.5150721191629e-10
93 3.3284785761479e-10
94 3.6523842637238e-10
95 1.6602111306313e-10
96 1.9277788423469e-11
97 4.3416988735478e-10
98 1.3713615878874e-10
99 5.0615442977339e-10
100 5.4378835733302e-11
101 2.6857591290194e-10
102 6.190203023433e-10
103 5.4717826801688e-10
104 1.6680018916134e-10
105 3.9787377223195e-10
106 7.5315571767651e-11
107 2.1015007965672e-10
108 4.0578702149194e-11
109 1.3155809176474e-10
110 3.6983302164326e-12
111 1.2824918426645e-10
112 4.1241240092796e-10
113 2.9611003552455e-11
114 1.0646555111045e-11
115 1.5193376210487e-09
116 7.0984564918528e-10
117 6.8445547670068e-10
118 2.2893300286626e-10
119 9.3696500053996e-10
120 1.5778820240092e-10
121 3.7074823433397e-10
122 2.0116530658335e-11
123 5.9686057002608e-10
124 4.0144287759993e-10
125 5.6689178619399e-10
126 1.2127651222955e-09
127 6.3102514380146e-10
128 3.8878891311152e-10
129 9.4444232358669e-10
130 4.3048973457774e-10
131 1.5579152633544e-10
132 4.8703860331914e-10
133 1.3314550576213e-10
134 2.159446536771e-11
135 1.1982999598948e-10
136 2.4527247954575e-10
137 6.4066238937048e-10
138 6.9814977242858e-10
139 1.0207137041711e-09
140 5.8360571760312e-10
141 4.0343143954883e-11
142 5.7932844939288e-10
143 5.5539785469216e-10
144 9.5082447383299e-10
145 4.4036322941048e-10
146 1.8538475934586e-10
147 1.4942295188673e-12
148 1.2534415816068e-11
149 2.47987637866e-10
150 1.7265501158819e-10
151 5.2725300657192e-11
152 3.1410084837973e-11
153 3.7326788437087e-10
154 1.0767513238883e-10
155 2.2965066338524e-12
156 7.3601862316306e-11
157 6.2620379890096e-10
158 3.0038459976105e-10
159 4.7403990362185e-11
160 1.4307530355998e-10
161 5.459279461648e-12
162 1.4810311678857e-10
163 2.4326536685242e-11
164 1.0758560989308e-10
165 1.0525960258106e-10
166 1.9406031238301e-10
167 1.7492580739697e-09
168 2.1313252555358e-10
169 3.8715554425843e-10
170 6.7741216766195e-10
171 2.4823519925455e-10
172 1.9683905563019e-10
173 1.2506390016997e-10
174 1.7998681790301e-10
175 2.4675422653141e-10
176 5.3621252000135e-11
177 8.9524595995623e-10
178 3.1407248413891e-12
179 1.4482901509841e-10
180 2.0428003350091e-10
181 4.5959836390501e-11
182 1.4516090983143e-10
183 1.0854238071364e-10
184 9.3558652658411e-11
185 6.2490030069817e-11
186 1.5701598142372e-11
187 1.8181660581357e-11
188 3.2462133917121e-10
189 7.3385559802033e-10
190 1.1627746056265e-10
191 8.0051609457174e-10
192 2.3226331900371e-10
193 2.7230377686176e-10
194 6.3997431970092e-10
195 6.1448777893277e-10
196 3.3672212574521e-10
197 2.3456477863862e-11
198 1.4373537790224e-10
199 3.5674972292246e-11
200 7.3841926061793e-11
201 1.8470176354048e-10
202 1.7378790332142e-10
203 3.6696236230222e-10
204 6.7214623951103e-10
205 4.4805371044097e-10
206 3.7464884645282e-10
207 2.3168486968554e-10
208 7.9302702030319e-11
209 2.3018977271995e-10
210 4.2244949198853e-10
211 1.7949768902965e-10
212 1.6209732235493e-10
213 3.2225621898045e-10
214 3.6948372057622e-10
215 2.6767127070125e-10
216 3.2097462326229e-10
217 7.7505283475314e-11
218 3.1636302433196e-11
219 2.9469124543496e-11
220 2.6680911417262e-10
221 6.4488838649885e-11
222 9.147503773043e-11
223 7.2369324648563e-11
224 1.2025459048191e-10
225 3.4975873024226e-10
226 4.3173004216545e-10
227 5.7993012161523e-10
228 7.4253796702207e-11
229 3.9232819640131e-10
230 2.7956221544364e-10
231 2.4818661742252e-10
232 1.0055326304211e-12
233 2.9415973173996e-10
234 2.3748158549166e-10
235 9.8019000953803e-11
236 2.3702137222407e-11
237 4.8070711174756e-11
238 3.3846447794627e-10
239 7.8607178175235e-11
240 2.8171202818879e-10
241 5.9892056577718e-11
242 9.5041474023346e-11
243 4.0697253195036e-12
244 1.6409172741695e-10
245 6.3879995128886e-10
246 2.1518225278115e-10
247 1.327767772242e-11
248 1.8124928346047e-11
249 6.7632425123886e-11
250 1.4875593352567e-10
251 2.3884138989474e-10
252 2.7619962050167e-10
253 2.2419729096645e-10
254 5.2516405267523e-10
255 1.5393134565103e-10
256 4.7615580355362e-10
257 2.0246724055657e-10
258 6.8385729264683e-10
259 2.9098707295393e-11
260 6.9162198063131e-10
261 2.6892873272094e-11
262 1.5268009769563e-10
263 5.1173835559968e-11
264 2.8123052046813e-10
265 4.5609535058282e-10
266 2.2404779163565e-10
267 1.4303239304586e-10
268 4.0351698375973e-11
269 2.6390880539664e-10
270 1.5909426088439e-10
271 1.04941424685e-10
272 1.2781580762132e-10
273 8.6106829289821e-11
274 8.6357424600815e-12
275 1.2572719528976e-11
276 8.3145267024058e-11
277 3.2206954214213e-11
278 1.4337141973289e-10
279 1.3273321185943e-10
280 4.3993471923747e-11
281 1.1916347894187e-11
282 1.2452250806489e-10
283 5.2488500179462e-10
284 4.5577590157744e-10
285 1.1003403264175e-10
286 8.5015045440128e-11
287 1.2285932206484e-10
288 3.1568491695681e-11
289 6.2033073932899e-11
290 2.0426811482259e-10
291 3.8980461471622e-10
292 3.3435654793017e-11
293 6.9641264463222e-11
294 2.6611187119853e-10
295 8.296028106373e-11
296 6.4105268502262e-11
297 9.8799473048314e-11
298 1.6691344852842e-11
299 6.0117944721533e-11
300 1.6264811316634e-10
301 5.8058769956329e-11
302 4.0987956556914e-11
303 4.5750580426552e-12
304 3.4133444221362e-11
305 1.9474596732707e-10
306 1.1456081995307e-10
307 1.2744435494393e-10
308 1.2569521018429e-10
309 8.7164856453636e-12
310 1.4143539674845e-10
311 9.3107970004194e-11
312 1.8423271611273e-10
313 2.6578077130993e-10
314 1.0558971974993e-10
315 1.0621294773214e-10
316 3.0199436301395e-11
317 2.3375985624882e-11
318 2.5554740922531e-11
319 1.0407941430002e-10
320 6.7695944446317e-11
321 5.1510739821428e-11
322 8.1718654682956e-11
323 9.1907544604303e-11
324 1.1706830893872e-10
325 1.5654954108312e-10
326 7.8985964539211e-11
327 2.2827105665306e-10
328 3.0542872373137e-10
329 3.4180694303822e-10
330 9.1367335882154e-11
331 1.5004060221196e-10
332 3.4715714683133e-11
333 1.376620330827e-10
334 1.5186205505797e-10
335 9.8804020349127e-11
336 4.0850703455398e-11
337 3.1086159501551e-10
338 8.5808058423624e-11
339 2.5998175581101e-10
340 1.9579344035935e-10
341 2.9852682345685e-10
342 8.6056407327115e-11
343 8.2300603007143e-12
344 1.8160702595853e-10
345 5.4856500491796e-11
346 4.1052462685387e-11
347 3.6122575580948e-10
348 1.6402538065522e-11
349 1.3258441737947e-10
350 3.3186468395481e-11
351 1.2937064275826e-10
352 9.1420802668993e-12
353 1.2200606636163e-11
354 5.266426170551e-11
355 1.1208804346422e-10
356 6.4772287876948e-11
357 1.8259923193521e-11
358 1.9479652686975e-10
359 3.7926802195455e-10
360 3.8423660964741e-10
361 1.389687687173e-10
362 3.6916298802891e-11
363 5.7941855307745e-11
364 1.0148245884854e-10
365 5.1776835365477e-11
366 7.9279543067613e-11
367 1.9748700677448e-10
368 8.6009390293217e-11
369 2.0954327034974e-10
370 2.1157833308245e-10
371 2.4513941564386e-10
372 2.3950357612667e-10
373 4.0895015412585e-10
374 1.1004762310374e-10
375 2.584544404219e-10
376 2.5290594129288e-10
377 6.8322347514803e-10
378 7.8164639259804e-11
379 4.2712539366282e-10
380 5.0283706167483e-10
381 3.0885727597867e-10
382 2.1040409127296e-10
383 1.0181907620419e-10
384 2.8664915741961e-10
385 3.8920761746979e-10
386 9.5444077758225e-11
387 4.0023888483587e-10
388 1.8573404454338e-10
389 1.5552317796049e-10
390 1.5395146170868e-11
391 7.6016883619997e-11
392 1.1084094100911e-10
393 3.1874196814645e-10
394 2.4599255535344e-10
395 1.3134358569886e-10
396 3.4852243348313e-11
397 1.0811721557042e-10
398 4.1981058912636e-11
399 1.5373187361212e-10
400 3.551961340514e-11
401 8.9191616630073e-12
402 3.3612811492659e-11
403 4.0965712535923e-11
404 5.7081647102988e-11
405 6.701091221401e-11
406 1.3495345680724e-10
407 2.6705987946109e-10
408 3.8824714171186e-10
409 3.2999007248841e-11
410 3.1936944469653e-10
411 4.5715002502424e-12
412 2.3563295544134e-10
413 5.4342299786504e-11
414 1.578425424889e-10
415 1.3975303312527e-10
416 6.5971721471471e-11
417 4.8295991617711e-11
418 2.4150039826339e-10
419 1.8015898321022e-10
420 3.0403262594656e-10
421 7.9359167088273e-11
422 2.2841390779731e-10
423 4.7847473209484e-10
424 4.6913006029421e-11
425 8.3458853693909e-11
426 1.1834422174329e-11
427 1.4774799904439e-10
428 3.6432735013856e-10
429 1.068104927137e-10
430 1.0506847605849e-10
431 2.1525968149649e-10
432 2.7047485487318e-10
433 5.4985503228805e-11
434 1.8347233732216e-10
435 7.5792876949351e-11
436 1.1241930879877e-10
437 2.8757098855823e-10
438 1.9146600786983e-10
439 1.0627821934031e-10
440 1.8137444197514e-10
441 1.3644145629003e-10
442 5.4389887915709e-11
443 6.0954342813378e-11
444 3.7730201384232e-11
445 6.1096629463887e-11
446 6.9447862077277e-11
447 2.1863665510745e-11
448 2.8141893184263e-11
449 2.325935182907e-11
450 3.9250625545502e-11
451 1.4438593461297e-10
452 4.2778490605489e-11
453 2.8508559324546e-11
454 6.7953629226128e-11
455 1.307412981081e-10
456 1.019300522437e-10
457 3.4506820706767e-11
458 1.7729853789249e-10
459 4.9001389203518e-10
460 4.0925047887365e-11
461 3.8868531588459e-10
462 2.2128643484774e-11
463 1.2832663983516e-11
464 2.319302574046e-11
465 1.7427586109132e-11
466 5.4942098949957e-10
467 4.4176065486285e-11
468 9.0479641778608e-11
469 2.6330612673539e-10
470 1.1434680421337e-10
471 5.7507492834594e-11
472 2.649947111022e-10
473 2.2158612717238e-11
474 2.7510714790107e-10
475 7.0133088429524e-12
476 2.2439209017867e-11
477 2.2952578434608e-11
478 2.6626722810068e-11
479 1.1812870795707e-10
480 8.2769064251529e-11
481 8.9628009534332e-12
482 4.2850977353764e-11
483 2.3339086251176e-10
484 3.263849835301e-11
485 3.227131176088e-10
486 2.8700363758976e-11
487 1.5982933335043e-10
488 2.6646228155479e-11
489 1.3184478892332e-10
490 2.0914010210964e-11
491 5.9401036293771e-11
492 3.2573165231999e-11
493 8.8501370126617e-11
494 6.8256187046505e-11
495 2.0427364093088e-10
496 2.5897986877279e-11
497 8.150962105747e-11
498 9.305509514272e-11
499 3.0230593029189e-11
500 3.0701636432415e-11
501 3.1837635037945e-11
502 1.096878219091e-10
503 7.5199280837344e-11
504 2.2783360693494e-10
505 1.3606392698498e-10
506 5.3300213067948e-11
507 2.1220161719362e-11
508 2.9397184402075e-11
509 1.7247986671372e-10
510 9.975923826305e-11
511 5.864092908638e-11
512 6.3674413290302e-11
513 2.8307747341783e-11
514 1.4139472432329e-10
515 8.412387187863e-11
516 4.0076337412073e-10
517 1.645662251155e-10
518 7.7600027452142e-10
519 6.9847434937153e-11
520 5.8580992481206e-11
521 8.2912361251199e-11
522 2.5865114764859e-10
523 1.088232162233e-10
524 2.2589045217656e-10
525 1.8509346820231e-11
526 7.5007288585233e-11
527 8.9371506683007e-11
528 7.1211703513226e-11
529 1.183879379444e-10
530 2.6152685931033e-11
531 7.9073167830522e-11
532 3.5939667865466e-10
533 3.7444347672094e-11
534 8.7552748929072e-11
535 1.169059246148e-10
536 1.6691698817872e-10
537 2.3492126497301e-10
538 1.369505029612e-10
539 1.2671923069493e-10
540 5.4368348722854e-11
541 1.7238005453088e-10
542 2.3704198370872e-10
543 1.3811298075904e-10
544 6.0832506062087e-10
545 1.8621512429852e-10
546 1.955063192691e-10
547 1.5460398117343e-10
548 7.799179428123e-12
549 8.1418260665208e-11
550 4.2114400874277e-10
551 3.9603458630299e-10
552 8.3877008231463e-11
553 2.6164951607358e-10
554 4.0595999694526e-11
555 3.3646006626015e-10
556 7.6891919979973e-12
558 3.8986610686574e-10
559 7.0128017700956e-11
560 2.4190043963513e-10
561 4.5154014224307e-11
562 8.6074746745407e-11
563 3.0811486900849e-10
564 5.8898688098093e-11
565 3.4640141031144e-11
566 6.0733711345064e-11
567 1.211709292998e-10
568 8.918737104582e-11
569 2.2995281848275e-10
570 3.4772334914623e-10
571 1.774452817881e-10
572 1.1295139613359e-10
573 4.9524319368496e-10
574 2.3408193113095e-10
575 7.6416500824789e-11
576 9.5377484204414e-11
577 5.1041609133729e-11
578 1.0718091742125e-10
579 6.7388307720392e-11
580 3.8341701526711e-11
581 3.3938000003632e-10
582 2.2972576682616e-10
583 8.643378718284e-10
584 1.0309826010419e-10
585 1.941204122641e-10
586 3.4771856098501e-11
587 9.5430285734976e-11
588 1.556285617073e-12
589 1.8010464836872e-10
590 1.8638267328003e-10
591 4.7051860214349e-11
592 4.0313477401583e-11
593 1.2444725912058e-10
594 3.0302518992814e-11
595 1.0258644894704e-10
596 5.2081172836444e-12
597 3.4201002202965e-11
598 2.3651185761398e-11
599 2.5098386391267e-12
600 7.8836993645392e-11
601 2.3705474887223e-10
602 3.1903936270938e-10
603 5.9517570315175e-10
604 4.3458906209657e-10
605 2.1872471558482e-10
606 7.8867640211997e-11
607 4.9387203168384e-10
608 1.4588948766438e-10
609 3.8991193101619e-10
610 3.6612466014302e-10
611 1.5623823880959e-10
612 5.4651067492149e-11
613 1.6770724278897e-10
614 2.6166494789729e-11
615 2.6478070562059e-11
616 1.1467444200208e-10
617 1.7254443294549e-10
618 4.556352109887e-10
619 5.2721359664007e-10
620 3.1590089913464e-10
621 1.6188456438578e-10
622 3.7550345770713e-10
623 3.5649808399143e-10
624 3.7413652159803e-10
625 3.7866471345841e-10
626 7.6782165853084e-11
627 2.367968124019e-10
628 3.0720787243066e-10
629 2.8491207688418e-10
630 9.0727364782982e-11
631 1.5287627987262e-10
632 1.2542802270606e-10
633 4.4293243685098e-10
634 1.4757882664059e-10
635 4.2039684284295e-11
636 5.5620137402591e-12
637 2.2572108132583e-11
638 1.4686613321821e-10
639 2.0698788186086e-10
640 1.2321373782539e-10
641 2.0410923024513e-10
642 1.7089022014982e-10
643 4.2605794365089e-10
644 4.3525131612124e-10
645 3.0726377995091e-11
646 5.7123586891539e-11
647 1.7547022428879e-10
648 3.0005804997696e-10
649 5.5670275881382e-10
650 1.023766851911e-10
651 2.3013953698599e-10
652 1.1636550545464e-10
653 2.4593897637004e-11
654 9.0311092214589e-11
655 3.1486173411374e-10
656 3.9843752920821e-10
657 3.3907248352101e-10
658 5.9909541037904e-11
659 2.1760240785291e-10
660 1.5795514359622e-10
661 1.5389094883994e-10
662 7.6652777602566e-11
663 2.008075398514e-10
664 3.4948707896542e-10
665 2.8743472584823e-10
666 5.2794364051846e-10
667 4.8037146465822e-11
668 1.5103240772934e-10
669 4.574784290433e-10
670 2.7056909128214e-10
671 3.4230782519853e-11
672 1.5128601156471e-10
673 5.4008763619574e-10
674 1.365552891253e-10
675 2.0382078658541e-10
676 1.2462531554252e-10
677 9.5087411960405e-11
678 2.9301136225882e-10
679 5.6348285503691e-10
680 8.3874233279558e-11
681 1.9407156835101e-10
682 1.5054473461581e-10
683 1.3849658825984e-10
684 2.9286550094806e-10
685 4.0604734751895e-10
686 9.0854588262669e-11
687 8.4288191921315e-11
688 2.1652033471708e-10
689 2.422984169008e-10
690 2.999551382619e-10
691 1.2512153986161e-10
692 7.9249565826389e-11
693 3.7366275543103e-10
694 4.618933502283e-10
695 4.2207042408531e-11
696 3.4761976091306e-11
697 4.5415997859506e-10
698 1.1969440347862e-10
699 8.3776088622246e-11
700 1.5870879396765e-10
701 2.0375410569836e-10
702 3.3757451737231e-10
703 3.9306404650613e-10
704 1.0033039979369e-10
705 2.5687864038811e-10
706 8.761999431639e-11
707 8.5444293278617e-11
708 1.1606153599851e-10
709 1.5129932341526e-10
710 1.6809460136597e-10
711 2.493394952936e-10
712 8.8377049790016e-11
713 2.9071179771802e-11
714 5.4857359755881e-12
715 1.5177692593229e-10
716 3.2658131340065e-10
717 2.671368339808e-10
718 4.2995863145084e-10
719 2.0822702052835e-10
720 2.7214430834812e-10
721 6.7852038253567e-11
722 2.8830024975268e-11
723 5.652280595034e-11
724 2.5924114696119e-10
725 4.7015016781278e-10
726 1.8277315980343e-10
727 5.088140138091e-10
728 1.4780237810336e-10
729 4.8735914711771e-10
730 3.2744036970077e-11
731 7.2939623939599e-11
732 2.7291909599719e-10
733 8.4754954782175e-12
734 7.8516547071539e-11
735 1.1693018308989e-09
736 7.1323866231298e-11
737 1.0825695998424e-09
738 9.6703970037691e-11
739 3.6688309552467e-10
740 8.3726808563965e-11
741 2.4105358434442e-10
742 1.377586323466e-10
743 7.8169487440933e-11
744 1.0598003455982e-10
745 1.8875502916701e-10
746 2.2996901964007e-10
747 4.58632017547e-10
748 4.3123015345027e-10
749 5.236618536913e-10
750 7.2965167722935e-11
751 1.7920529520537e-10
752 3.3044378757477e-10
753 2.1932083915424e-10
754 3.4833344387727e-10
755 9.820538078086e-11
756 1.5145951575383e-10
757 4.8214508603185e-10
758 1.7333980254946e-10
759 1.7684853336085e-10
760 2.6497791777133e-10
761 4.4052317868337e-10
762 2.8309855102219e-10
763 2.6613010578668e-10
764 2.1508889718067e-10
765 5.2756717636019e-10
766 5.0527765730055e-10
767 4.1442510269827e-11
768 2.5671560821593e-10
769 2.5463831285697e-10
770 2.4164380696879e-10
771 5.8050282398666e-10
772 3.5088609208639e-10
773 4.7434534572888e-10
774 2.3330135911339e-10
775 4.8865633408033e-10
776 1.3616003931513e-10
777 1.3467482900769e-10
778 2.5923885358552e-10
779 1.0796439969018e-10
780 3.671902467252e-10
781 2.5516856385607e-10
782 2.7418279198862e-10
783 9.8327890889015e-11
784 3.8892060331679e-11
785 2.168205495274e-11
786 1.6223216179785e-10
787 1.7553204739293e-10
788 2.0736029749429e-10
789 7.2981980740711e-10
790 2.0462499045432e-10
791 3.6649692877967e-10
792 1.2447873339216e-10
793 1.6288029838355e-10
794 2.2925419248002e-10
795 1.4058507292163e-10
796 6.3415354722616e-11
797 4.2623292754813e-10
798 4.3484817975029e-10
799 4.6122344090652e-10
800 3.5505800877264e-10
801 3.5358176105626e-10
802 1.472931742473e-10
803 6.8861544030211e-11
804 1.9377066396353e-10
805 4.0649174493375e-11
806 8.1077903849821e-11
807 4.7199203091945e-11
808 8.6050029080211e-11
809 2.3743289170234e-10
810 9.4723699295138e-11
811 2.9516385015009e-10
812 1.4172401505234e-10
813 1.9570348907861e-10
814 1.2286061211151e-10
815 4.0335636223995e-10
816 3.9591806682435e-10
817 1.1204787707897e-10
818 7.6920802118901e-10
819 3.7149267193687e-10
820 2.4728613474995e-10
821 3.0331946614171e-10
822 2.1451656177462e-10
823 8.1999219103047e-11
824 1.3318787987444e-10
825 2.4405504184635e-11
826 1.9523146020339e-11
827 2.8447982799665e-10
828 2.6749085654661e-10
829 4.8397325088235e-10
830 8.1835617105797e-11
831 1.9212722810457e-10
832 1.2493214207728e-10
833 7.879368809423e-10
834 4.4561988830079e-11
835 2.6102299618013e-10
836 1.2760417692317e-10
837 3.2806952218253e-11
838 1.5902715782601e-10
839 1.9817385267771e-10
840 2.5754888300727e-10
841 2.7470465956669e-10
842 1.9484702791155e-10
843 1.777415860274e-10
844 8.9515730823945e-11
845 2.7901803580636e-10
846 1.1144173145239e-10
847 5.3720786813959e-10
848 2.4517056427773e-10
849 9.3202215822604e-10
850 1.3022069124835e-10
851 1.9833516864899e-10
852 2.4073237606413e-10
853 1.4569607195129e-10
854 2.7306394577337e-10
855 3.5398804438767e-10
856 3.8186350856162e-10
857 2.3220683091251e-10
858 4.4596029786738e-10
859 5.238541302175e-10
860 8.9780542712151e-11
861 3.0892476437067e-10
862 7.3276583601903e-11
863 1.0138226484581e-10
864 3.3473530157645e-10
865 5.5963011801344e-10
866 1.3801409458136e-10
867 3.3184973495948e-10
868 2.7561334471638e-10
869 3.9757750451673e-11
870 1.6946570154727e-10
871 6.8918082141007e-11
872 1.2887565734976e-10
873 5.2823106819016e-11
874 1.6608757795485e-11
875 1.1345820404154e-11
876 8.7214592991723e-11
877 1.4935831504866e-10
878 1.5401282923875e-10
879 2.837244518511e-11
880 5.7756264136493e-11
881 2.2390023770243e-11
882 1.352443305211e-10
883 4.0808351973305e-10
884 4.7965476572256e-10
885 3.4860266451032e-11
886 8.3464972746899e-11
887 9.2212730324863e-11
888 2.403496999504e-10
889 1.2908187957978e-10
890 3.3463389701747e-10
891 4.1862822710958e-10
892 2.5484145123603e-10
893 9.4006174406216e-11
894 3.1797044644876e-10
895 3.1945244937353e-10
896 3.9228686889194e-11
897 7.6276394491218e-11
898 3.8793211353276e-11
899 1.5628543966175e-11
900 4.2565925526026e-11
901 3.6628366957615e-11
902 9.2694856292527e-11
903 7.9873894949116e-11
904 6.668844525983e-11
905 6.8522709573924e-12
906 6.2275753682438e-11
907 4.1973438298215e-11
908 5.6923946945121e-11
909 3.4279025477807e-11
910 2.9337044337957e-10
911 2.9075936378217e-10
912 5.7012984932806e-11
913 4.8600345990338e-11
914 3.9812890664647e-11
915 2.1153407242304e-11
916 6.0580442441568e-11
917 2.1565661841646e-10
918 1.4864082289459e-10
919 1.8853001430933e-10
920 3.7819750606891e-11
921 1.6482080604305e-10
922 3.1865824900622e-10
923 2.1398176996281e-10
924 1.2851322242089e-09
925 2.4501356779342e-10
926 1.0024385959168e-10
927 1.8000470783382e-11
928 2.811420424435e-10
929 1.6393769984393e-10
930 1.2936924912589e-09
931 1.0888958847054e-10
932 2.7840741238618e-10
933 1.0587720625654e-10
934 5.8097326621348e-10
935 1.5167836219164e-10
936 3.5305891474426e-10
937 5.0808663807386e-10
938 1.1460788798911e-10
939 1.508118637111e-10
940 4.6313608948475e-10
941 3.8664145565345e-10
942 2.5577380281495e-10
943 5.6426238958545e-11
944 1.5943372948737e-11
945 2.8585066747892e-10
946 7.9820744905943e-11
947 4.5817341466488e-11
948 2.3136102711411e-10
949 1.7540578196404e-10
950 1.34665110729e-10
951 1.0139786301409e-11
952 7.1342361159579e-11
953 2.6880154062845e-11
954 5.6912798659208e-11
955 7.0351508212387e-11
956 1.3118792006226e-10
957 9.0014794760054e-11
958 1.9401386667528e-10
959 3.0549153570511e-10
960 2.3106516939971e-10
961 2.2456657733747e-10
962 1.8697575643253e-11
963 4.0227103442816e-10
964 1.1817728321253e-10
965 5.6841927867777e-10
966 1.3436362528919e-10
967 1.9348293974816e-10
968 1.3389080904506e-10
969 2.2772985053812e-10
970 3.3294924341968e-10
971 1.5184305199405e-10
972 3.4325583117038e-10
973 1.3347373188734e-10
974 7.5905603076274e-10
975 5.1696024705171e-11
976 2.4110001149041e-10
977 4.1706059903006e-10
978 4.3158499450756e-10
979 1.4915268234315e-10
980 7.2224541692691e-11
981 3.4623697782464e-10
982 5.6290004718901e-10
983 1.0970836746756e-10
984 1.9045105112281e-10
985 3.9280372630817e-10
986 9.9323380569658e-11
987 1.6851808829306e-10
988 1.7260339964768e-10
989 1.3622237734636e-10
990 6.8101198175321e-11
991 1.6336829576428e-10
992 6.181521306605e-11
993 8.760407103781e-11
994 3.0691625238721e-10
995 5.5215174778543e-10
996 7.1703027873716e-10
997 1.6858438458811e-10
998 1.6620358865341e-10
999 2.3366788439166e-10
1000 1.8573139529486e-10
1001 4.5357618775491e-10
1002 1.2103584343763e-10
1003 7.4324905652711e-10
1004 9.8741082817064e-11
1005 6.9643651519925e-10
1006 6.2802103541499e-10
1007 2.8784424531069e-11
1008 3.4282445353048e-10
1009 7.6301125088793e-11
1010 1.6695401498847e-10
1011 2.0143535143402e-10
1012 4.1651500526976e-11
1013 7.56208227683e-11
1014 1.2238839487345e-10
1015 2.3245159311143e-10
1016 1.1065420570521e-10
1017 1.1077952092372e-10
1018 1.2704442130832e-10
1019 2.0846778777118e-10
1020 1.4138031747704e-10
1021 1.9598398532342e-10
1022 1.8988344568591e-09
1023 8.1987520372377e-11